1 17 3
1 56 3
1 7 1
1 6 2
2 24 2
2 13 3
2 54 3
2 64 2
2 43 3
2 79 2
2 106 1
2 55 1
3 56 1
3 6 4
4 64 4
4 52 2
4 30 3
4 103 1
4 39 3
4 106 1
4 1 2
5 94 4
5 99 3
5 24 1
5 87 1
5 56 1
5 15 3
5 106 1
6 61 4
6 44 4
6 66 1
6 47 2
6 104 3
6 9 1
7 27 1
7 21 1
7 23 3
7 19 1
7 84 1
8 1 4
8 39 4
8 69 1
8 104 1
8 52 3
8 38 1
8 72 1
9 51 3
9 83 3
9 53 1
9 10 3
9 38 2
9 93 1
9 66 2
10 64 4
10 84 4
10 51 2
10 14 1
10 25 1
10 19 1
11 54 3
11 96 1
11 61 4
11 34 2
11 27 1
11 53 3
11 72 2
11 66 2
11 54 3
11 44 2
11 2 1
12 20 4
12 57 4
12 69 4
12 56 3
12 31 1
12 42 1
12 2 1
12 55 1
13 77 4
13 10 4
13 21 3
13 38 4
13 51 3
13 101 4
13 84 4
13 93 3
13 64 4
13 81 3
14 49 4
14 34 2
14 28 4
14 5 2
14 61 4
14 82 2
14 69 1
14 40 1
14 56 3
14 54 1
15 12 4
15 28 2
15 63 3
15 93 3
15 23 4
15 53 4
15 40 3
15 56 3
15 86 4
15 106 3




